function h_bar=h_bar()
%h_bar=1.054*10^-34;%Js

h_bar=1.054571628*10^-34;%Js